10   12   4
4   3   1   19   2   19   3   19   3   4   17   5   17   6   17   3   7   10   8   10   9   10   3   10   12   11   12   12   12   
4   3   1   17   2   17   3   17   3   4   23   5   23   6   23   3   7   28   8   28   9   28   3   10   25   11   25   12   25   
4   3   1   12   2   12   3   12   3   4   28   5   28   6   28   3   7   25   8   25   9   25   3   10   18   11   18   12   18   
4   3   1   23   2   23   3   23   3   4   15   5   15   6   15   3   7   20   8   20   9   20   3   10   21   11   21   12   21   
4   3   1   28   2   28   3   28   3   4   21   5   21   6   21   3   7   15   8   15   9   15   3   10   18   11   18   12   18   
4   3   1   11   2   11   3   11   3   4   13   5   13   6   13   3   7   30   8   30   9   30   3   10   14   11   14   12   14   
4   3   1   10   2   10   3   10   3   4   24   5   24   6   24   3   7   24   8   24   9   24   3   10   19   11   19   12   19   
4   3   1   16   2   16   3   16   3   4   11   5   11   6   11   3   7   21   8   21   9   21   3   10   16   11   16   12   16   
4   3   1   26   2   26   3   26   3   4   15   5   15   6   15   3   7   12   8   12   9   12   3   10   20   11   20   12   20   
4   3   1   25   2   25   3   25   3   4   18   5   18   6   18   3   7   29   8   29   9   29   3   10   16   11   16   12   16   
